2023000023624
2023000011485
2023000004623
2023000016527
2023000014066
2023000024324
2023000011829
2023000004784
2023000016084
2023000004623
2023000011690
2023700016391
2023700015905
2023000023174
2023000011171
2023000004494
2023000015872
2023700017909
2023000024065
2023000011928
2023000004654
2023000009338
2023000016718
2023700020503
2023700016605
2023000006160
2023000023549
2023000004524
2023000011430
2023000019726
2023700015332
2023000007259
2023000022764
2023000010891
2023000004425
2023000018866
2023000009079
2023000015858
2023700016506
2023000016374
2023000013724
2023000011928
2023000023280
2023000023884
2023000011461
2023000004708
2023700016650
2023000015957
2023000006375
2023000014967
2023000006474
2023000006528
2023700015097
2023000023235
2023000004609
2023000011416
2023000016060
2023700018944
2023000019108
2023700016421
2023000023129
2023000004524
2023000011355
2023000016213
2023000011430
2023000023020
2023000004609
2023000010471
2023000004623
2023000024584
2023000011690
2023000016299
2023000023648
2023000011560
2023000008508
2023000015339
2023000011829
2023000008553
2023000024164
2023000017777
2023700016346
2023000009987
2023700016421
2023000016343
2023000024409
2023000011614
2023000008577
2023000011904
2023700016551
2023000023853
2023000011096
2023000008089
2023000007518
2023000018606
2023700016322
2023000011775
2023000024195
2023000011744
2023000008768
2023000016459
2023000023952
2023000011560
2023000008263
2023000017203
2023000006429
2023700018326
2023700015646
2023000023495
2023000008607
2023000011676
2023000016060
2023700018913
2023000006689
2023000024140
2023000008737
2023000011591
2023000016718
2023700016551
2023000006658
2023000025178
2023000011959
2023000008782
2023000016558
2023000019467
2023700016780
2023000008058
2023000024324
2023000011980
2023000008782
2023000016473
2023700019170
2023000008263
2023000024607
2023000012291
2023000008683
2023000016763
2023700017695
2023000006139
2023000024539
2023000011959
2023000011959
2023000008553
2023000016763
2023700017251
2023000016657
2023700015486
2023000024119
2023000011744
2023000008652
2023000016633
2023000023983
2023000011591
2023000008782
2023000019696
2023700016001
2023000007907
2023000024478
2023000012116
2023000008522
2023000016787
2023000024034
2023000011676
2023000008577
2023700016261
2023000016428
2023700017480
2023000008058
2023000016589
2023000024911
2023000012031
2023000008782
2023000024782
2023000012086
2023000008966
2023000017388
2023700016391
2023000007983
2023000023303
2023000024553
2023000012055
2023000008768
2023000007723
2023000016374
2023000020869
2023000012086
2023000011676
2023000008423
2023000024010
2023000016299
2023000007907
2023000011416
2023000023464
2023000008379
2023000016169
2023000001691
2023000003336
2023000003336
2023000003336
2023000023044
2023000011096
2023000008133
2023000003251
2023000015612
2023000019382
2023000024294
2023000011560
2023000008638
2023000022764
2023000024607
2023000011515
2023000008782
2023000023549
2023000023822
2023000011287
2023000008522
2023000006139
2023000019672
2023000007877
2023000018910
2023000019122
2023000024782
2023000012130
2023000016008
2023000009987
2023000023259
2023000011355
2023000008263
2023000024065
2023000011959
2023000008683
2023000016459
2023000009901
2023000024379
2023000011744
2023000008508
2023000016633
2023000023938
2023000011959
2023000023693
2023000012055
2023000008638
2023000010426
2023000016503
2023000019825
2023000024089
